0.0433
0.9690
0.0027
0.5445
0.7011
0.3442
0.0566
0.6187
-1.0613
0.5095
12622.5651
0.0200
0.9895
0.0022
0.0431
0.2110
0.1390
0.3362
0.7687
-4.8201
4.9251
12187.4486
0.0264
0.9909
0.0086
0.5894
0.6268
0.8222
0.0439
0.6686
2.7449
-3.3916
12888.3823
0.0491
0.9876
0.0052
0.8975
0.9478
0.4776
0.0160
0.2492
-4.3745
-3.3937
4808.0762
0.0495
0.9895
0.0091
0.9576
0.9447
0.4399
0.0084
0.2429
-1.5249
0.2553
4833.4054
0.0496
0.9885
0.0073
0.8594
0.9476
0.1481
0.0203
0.2568
-3.5576
-1.7265
4863.8228
0.0494
0.9869
0.0043
0.9274
0.9486
0.4775
0.0100
0.2715
-3.6575
-2.2415
4766.8964
0.0500
0.9888
0.0067
0.8991
0.9367
0.5231
0.0149
0.2524
-3.4119
-4.4386
4788.1738
0.0485
0.9887
0.0041
0.9340
0.9323
0.7550
0.0080
0.2579
-2.6620
-4.1615
4767.1880
0.0399
0.9911
0.0052
0.9241
0.9420
0.7709
0.0107
0.2840
-2.9283
-3.2255
4917.3636
0.0494
0.9884
0.0056
0.9322
0.9323
0.4764
0.0078
0.2550
-4.4615
-0.5210
4771.7035
0.0492
0.9870
0.0081
0.9103
0.9353
0.0643
0.0082
0.2672
-3.0673
-0.5734
4878.3369
0.0499
0.9895
0.0045
0.9500
0.9421
0.6522
0.0046
0.2543
-3.3698
-3.6624
4808.8320
0.0462
0.9896
0.0051
0.9052
0.9447
0.6572
0.0167
0.2519
-3.5656
-2.1599
4827.8854
